210																																			
1	2	21	23																
2	3	1	13	23															
3	2	2	4																
4	2	14	15																
5	3	4	6	15															
6	3	5	7	16															
7	1	6																	
8	3	7	9	17															
9	1	18																	
10	2	9	11																
11	3	10	12	20															
12	2	20	33																
13	4	2	3	24	25														
14	2	15	25																
15	4	5	14	26	27														
16	3	6	15	27															
17	2	18	29																
18	5	8	9	19	30	31													
19	2	10	31																
20	4	10	31	32	33														
21	2	1	22																
22	3	21	23	34															
23	6	1	22	24	34	35	46												
24	1	23																	
25	7	13	14	24	26	35	36	37											
26	2	25	37																
27	6	15	16	26	28	38	39												
28	2	7	39																
29	4	17	28	30	40														
30	2	18	31																
31	7	18	19	20	30	32	42	51											
32	1	31																	
33	5	12	20	32	42	43													
34	3	22	44	45															
35	3	23	46	47															
36	2	25	37																
37	5	25	26	38	48	49													
38	3	27	39	49															
39	3	27	28	40															
40	3	29	39	51															
41	2	31	53																
42	7	31	32	41	43	53	54	55											
43	2	33	42																
44	2	21	66																
45	3	44	46	56															
46	4	45	47	57	58														
47	4	35	36	46	59														
48	1	47																	
49	5	38	48	50	61	62													
50	2	39	49																
51	4	31	39	40	50														
52	1	51																	
53	5	41	42	52	54	63													
54	1	55																	
55	2	42	43																
56	4	45	46	66	67														
57	1	58																	
58	2	57	70																
59	4	47	58	60	70														
60	3	48	59	71															
61	2	49	60																
62	4	49	50	73	74														
63	3	52	74	75															
64	3	53	65	76															
65	3	55	64	78															
66	4	44	56	67	80														
67	4	56	66	68	80														
68	4	57	67	69	80														
69	3	68	70	82															
70	3	58	71	83															
71	1	72																	
72	4	61	71	73	94														
73	4	62	72	74	95														
74	4	51	62	75	84														
75	3	63	74	85															
76	3	75	77	87															
77	2	78	87																
78	2	65	87																
79	3	66	80	89															
80	6	68	79	81	89	90	91												
81	4	68	80	82	91														
82	3	69	83	92															
83	3	70	82	93															
84	3	74	85	96															
85	2	75	84																
86	4	76	85	87	98														
87	4	78	88	98	99														
88	3	78	87	100															
89	3	79	90	101															
90	2	80	91																
91	5	80	81	90	92	102													
92	3	82	91	93															
93	4	83	92	94	109														
94	6	70	72	93	95	103	110												
95	3	73	96	103															
96	6	84	95	97	103	104	112												
97	3	85	96	98															
98	7	86	87	97	99	104	105	114											
99	1	98																	
100	5	87	88	99	105	115													
101	2	89	102																
102	1	108																	
103	5	94	95	110	111	112													
104	4	96	98	112	114														
105	1	114																	
106	2	101	107																
107	1	122																	
108	2	107	109																
109	4	94	108	110	125														
110	3	94	109	116															
111	2	103	110																
112	4	103	111	113	118														
113	3	112	114	119															
114	8	98	104	105	113	115	119	120	131										
115	3	100	105	131															
116	3	110	117	126															
117	3	112	116	126															
118	1	117																	
119	5	113	118	120	128	129													
120	3	114	119	130															
121	2	106	133																
122	3	107	121	123															
123	7	108	109	122	124	133	134	135											
124	2	125	135																
125	3	124	126	137															
126	4	117	125	127	138														
127	2	126	128																
128	6	118	119	127	129	139	147												
129	2	130	148																
130	4	120	129	149	151														
131	4	114	115	130	151														
132	2	121	133																
133	3	123	132	140															
134	4	123	133	135	141														
135	4	123	124	142	143														
136	4	125	135	137	143														
137	2	138	145																
138	3	126	137	145															
139	5	126	127	128	146	147													
140	3	132	141	152															
141	5	133	134	140	142	153													
142	2	135	143																
143	6	135	136	142	144	154	155												
144	3	143	145	155															
145	6	137	138	139	144	146	156												
146	2	139	147																
147	4	128	139	146	148														
148	4	129	147	149	157														
149	4	130	148	150	157														
150	1	159																	
151	3	131	150	160															
152	2	153	161																
153	3	141	154	162															
154	2	155	163																
155	4	143	144	154	164														
156	3	145	155	165															
157	2	148	168																
158	2	149	169																
159	3	158	160	170															
160	1	151																	
161	2	162	180																
162	4	153	163	172	182														
163	5	154	162	164	172	183													
164	3	155	163	165															
165	4	155	166	173	174														
166	2	167	174																
167	5	147	157	168	174	175													
168	3	157	167	169															
169	2	170	178																
170	4	159	169	171	178														
171	3	160	170	179															
172	3	162	182	183															
173	3	163	165	185															
174	5	165	167	185	186	187													
175	2	167	176																
176	4	169	175	177	187														
177	2	169	178																
178	4	169	177	189	190														
179	2	178	190																
180	2	181	191																
181	2	182	192																
182	4	162	172	183	193														
183	2	173	182																
184	2	183	185																
185	3	165	173	195															
186	2	185	187																
187	6	174	175	176	188	197	198												
188	3	177	199	200															
189	3	178	188	200															
190	3	178	189	210															
191	2	192	201																
192	3	181	193	202															
193	3	192	194	203															
194	3	183	193	204															
195	7	183	184	194	196	204	205	206											
196	4	185	195	197	206														
197	2	198	206																
198	3	197	199	207															
199	2	198	208																
200	3	188	189	209															
201	2	191	202																
202	2	201	203																
203	3	193	202	204															
204	3	195	203	205															
205	1	206																	
206	2	196	207																
207	2	206	208																
208	2	199	209																
209	2	200	208																
210	2	200	209																
659																																			
		1			1			21		202	28			4.845			2.4225	
		2			1			23		296	36			4.87619047619048			22.6561904761905	
		3			2			1		205	24			5.28118811881188			2.64059405940594	
		4			2			13		132	29			5.50294117647059			23.2829411764706	
		5			2			23		198	66			5.52746113989637			61.7174611398964	
		6			3			2		115	42			5.535960591133			23.465960591133	
		7			3			4		90	35			5.54536082474227			58.8853608247423	
		8			4			14		108	24			5.55625			58.35625	
		9			4			15		151	41			5.77049180327869			25.4404918032787	
		10			5			4		122	5			5.901			23.141	
		11			5			6		94	74			5.91975903614458			20.2497590361446	
		12			5			15		102	8			6.00595588235294			63.8759558823529	
		13			6			5		94	74			6.028125			2.58348214285714	
		14			6			7		116	85			6.27			22.11	
		15			6			16		102	19			6.35830985915493			2.3843661971831	
		16			7			6		116	85			6.49850746268657			28.6985074626866	
		17			8			7		103	51			6.79591836734694			61.8459183673469	
		18			8			9		106	3			6.88125			26.16125	
		19			8			17		106	93			6.95544303797468			67.5254430379747	
		20			9			18		130	84			7.10388888888889			67.6738888888889	
		21			10			9		97	43			7.1926875			30.4126875	
		22			10			11		120	79			7.57173913043478			30.3217391304348	
		23			11			10		120	79			7.6685393258427			31.1585393258427	
		24			11			12		101	7			7.78674033149171			70.2467403314917	
		25			11			20		92	61			8.12835616438356			3.43891991570074	
		26			12			20		133	91			8.13543307086614			23.8654330708661	
		27			12			33		194	1			8.151			3.49328571428571	
		28			13			2		132	29			8.20952380952381			29.0295238095238	
		29			13			3		108	25			8.24125			85.10125	
		30			13			24		101	7			8.4			26.62	
		31			13			25		132	74			8.40923076923077			63.0692307692308	
		32			14			15		106	12			8.47441860465116			64.5144186046512	
		33			14			25		87	2			8.58677419354839			27.3167741935484	
		34			15			5		102	8			8.71162790697674			27.6216279069767	
		35			15			14		106	12			8.72769230769231			31.8376923076923	
		36			15			26		107	6			8.7818			91.0718	
		37			15			27		142	13			8.78376404494382			3.46727528089888	
		38			16			6		102	19			8.80363636363636			25.6136363636364	
		39			16			15		89	27			8.92566371681416			3.57026548672566	
		40			16			27		111	76			8.93387755102041			25.2638775510204	
		41			17			18		101	79			8.95009615384615			95.1100961538461	
		42			17			29		108	15			8.99472527472527			27.6847252747253	
		43			18			8		144	37			9.02822033898305			60.5082203389831	
		44			18			9		130	84			9.03157894736842			67.9815789473684	
		45			18			19		112	31			9.13953488372093			27.1395348837209	
		46			18			30		89	98			9.15254237288136			24.9525423728814	
		47			18			31		136	56			9.38613861386139			25.5161386138614	
		48			19			10		75	28			9.39611650485437			63.9661165048544	
		49			19			31		106	7			9.40862068965517			3.57527586206896	
		50			20			10		142	7			9.445			28.355	
		51			20			31		151	35			9.455			3.63653846153846	
		52			20			32		120	41.6207			56.0775
		53			20			33		144	45			9.52436974789916			66.5543697478992	
		54			21			1		202	28			9.66610169491526			26.9461016949153	
		55			21			22		105	23			9.68971962616822			55.9197196261682	
		56			22			21		105	23			9.75966666666667			113.139666666667	
		57			22			23		106	18			9.84571428571428			27.4157142857143	
		58			22			34		90	9			9.85233644859813			29.6923364485981	
		59			23			1		296	36			9.92			31.73	
		60			23			22		106	18			10.1899180327869			72.1699180327869	
		61			23			24		109	98			10.2446280991736			3.80042655291924	
		62			23			34		131	55			10.3100675675676			27.9200675675676	
		63			23			35		154	46			10.3588235294118			3.72270220588237	
		64			23			46		228	96			10.3602777777778			29.5002777777778	
		65			24			23		109	98			10.4901923076923			72.0501923076923	
		66			25			13		132	74			10.6137931034483			3.96037056098817	
		67			25			14		87	2			10.6307692307692			30.4307692307692	
		68			25			24		86	35			10.6471698113208			3.85767022149304	
		69			25			26		123	84			10.7067567567568			31.5267567567568	
		70			25			35		147	95			10.7885454545455			59.3885454545455	
		71			25			36		134	1			10.8			29.13	
		72			25			37		157	44			10.8834375			72.7134375	
		73			26			25		123	84			10.9433628318584			66.3833628318584	
		74			26			37		86	38			11.088			28.678	
		75			27			15		142	13			11.1094736842105			34.4794736842105	
		76			27			16		111	76			11.1285714285714			27.1185714285714	
		77			27			26		103	51			11.392875			57.292875	
		78			27			28		112	54			11.475			3.92183544303797	
		79			27			38		121	54			11.5303723404255			37.1103723404255	
		80			27			39		149	93			11.5719047619048			3.8573015873016	
		81			28			7		199	12			11.6204081632653			28.4304081632653	
		82			28			39		107	11			11.685			68.625	
		83			29			17		108	15			11.740206185567			39.090206185567	
		84			29			28		94	89			11.8057553956835			58.4557553956835	
		85			29			30		96	2			11.9777027027027			70.3877027027027	
		86			29			40		109	61			12.0432989690722			51.1332989690722	
		87			30			18		89	98			12.0896907216495			51.1796907216495	
		88			30			31		115	62			12.1523316062176			41.1623316062176	
		89			31			18		136	56			12.1586029411765			4.18796323529413	
		90			31			19		106	7			12.16875			39.48875	
		91			31			20		151	35			12.3248120300752			4.15292579274273	
		92			31			30		115	62			12.4378378378378			39.1678378378378	
		93			31			32		106	55			12.5296875			67.9696875	
		94			31			42		143	68			12.6			34.09	
		95			31			51		302	96			12.7663366336634			70.6363366336634	
		96			32			31		106	55			12.7852325581395			90.8452325581395	
		97			33			12		194	1			12.7856896551724			32.1956896551724	
		98			33			20		144	45			12.7978021978022			31.7078021978022	
		99			33			32		94	77			12.8931818181818			32.3031818181818	
		100			33			42		131	59			12.94			77.32	
		101			33			43		107	16			13.0060606060606			4.2078431372549	
		102			34			22		90	9			13.0413793103448			33.1113793103448	
		103			34			44		168	81			13.0891304347826			4.27913879598662	
		104			34			45		117	47			13.1387755102041			34.2887755102041	
		105			35			23		154	46			13.395			93.585	
		106			35			46		161	12			13.4773109243697			31.1873109243697	
		107			35			47		164	17			13.6230769230769			81.6930769230769	
		108			36			25		134	1			13.7515151515152			81.4015151515152	
		109			36			37		116	83			13.8061224489796			38.2061224489796	
		110			37			25		157	44			14.0769230769231			49.4669230769231	
		111			37			26		86	38			14.2510067114094			38.8610067114094	
		112			37			38		96	33			14.3359223300971			4.6940630638371	
		113			37			48		101	85			14.6114285714286			33.1514285714286	
		114			37			49		149	52			14.6775			4.72232608695652	
		115			38			27		121	54			14.7530487804878			45.5430487804878	
		116			38			39		117	57			14.7792			91.3392	
		117			38			49		85	35			14.8660194174757			43.1260194174757	
		118			39			27		149	93			14.8736842105263			76.6736842105263	
		119			39			28		107	11			15.0731707317073			93.4931707317073	
		120			39			40		88	85			15.0807692307692			36.4707692307692	
		121			40			29		109	61			15.0988235294118			32.1588235294118	
		122			40			39		88	85			15.1940625			36.5840625	
		123			40			51		95	5			15.2785714285714			84.8485714285714	
		124			41			31		128	33			15.3701162790698			5.04139813953489	
		125			41			53		93	39			15.39			36.55	
		126			42			31		143	68			15.4630769230769			5.11377347062386	
		127			42			32		92	4			15.6517346938776			54.4017346938776	
		128			42			41		102	31			15.7094594594595			83.3594594594595	
		129			42			43		107	92			15.7325581395349			37.2125581395349	
		130			42			53		162	71			15.9111111111111			105.641111111111	
		131			42			54		130	22			16.0232142857143			87.0932142857143	
		132			42			55		170	52			16.0753571428571			55.5853571428571	
		133			43			33		107	16			16.1265306122449			49.6565306122449	
		134			43			42		107	92			16.4901639344262			34.0001639344262	
		135			44			21		216	24			16.5814393939394			5.36458333333334	
		136			44			66		222	2			16.6163265306122			34.1263265306122	
		137			45			44		126	19			16.6656091370558			5.43443776208341	
		138			45			46		85	62			16.7763157894737			55.2363157894737	
		139			45			56		107	43			16.8632307692308			91.2332307692308	
		140			46			45		85	62			17.0965517241379			36.1865517241379	
		141			46			47		220	43			17.5504838709677			65.6104838709677	
		142			46			57		110	22			17.6691176470588			65.7291176470588	
		143			46			58		144	58			17.7736686390533			37.3236686390533	
		144			47			35		164	17			17.7942961165049			41.2342961165049	
		145			47			36		103	35.7245			48.1332
		146			47			46		220	43			17.8172588832487			63.9572588832487	
		147			47			59		103	84			17.9026455026455			5.68529958529958	
		148			48			47		81	29			17.9230769230769			33.0830769230769	
		149			49			38		85	35			18.1050955414013			5.91433121019109	
		150			49			48		127	9			18.6778846153846			45.8178846153846	
		151			49			50		96	62			18.7172413793103			119.30724137931	
		152			49			61		114	69			18.8018691588785			39.6018691588785	
		153			49			62		149	54			18.8405797101449			5.99472990777338	
		154			50			39		105	75			19.0232142857143			43.1632142857143	
		155			50			49		96	62			19.1108333333333			6.12526709401708	
		156			51			31		302	96			19.1343103448276			34.2943103448276	
		157			51			39		133	96			19.2060810810811			78.2160810810811	
		158			51			40		95	5			19.5138888888889			38.7938888888889	
		159			51			50		90	99			19.6242857142857			75.7542857142857	
		160			52			51		116	41			19.7085674157303			69.6285674157303	
		161			53			41		93	39			19.746835443038			34.246835443038	
		162			53			42		162	71			19.8579268292683			49.1479268292683	
		163			53			52		106	33			19.8753571428571			39.5653571428571	
		164			53			54		109	6			19.9560810810811			75.0960810810811	
		165			53			63		142	12			20.0178217821782			6.39123225575569	
		166			54			55		115	68			20.1174129353234			38.7474129353234	
		167			55			42		170	52			20.4213461538462			6.68555975274727	
		168			55			43		128	85			20.4421052631579			39.5721052631579	
		169			56			45		107	43			20.4964285714286			70.2964285714286	
		170			56			46		137	13			20.5168539325843			39.7368539325843	
		171			56			66		155	19			20.526213592233			76.626213592233	
		172			56			67		101	35.0308			47.1986
		173			57			58		101	98			20.58			39.09	
		174			58			57		101	98			20.6584821428571			37.5884821428571	
		175			58			70		163	37			20.7475490196078			37.9075490196078	
		176			59			47		103	84			20.758064516129			6.91935483870967	
		177			59			58		118	94			20.7688073394495			39.2788073394495	
		178			59			60		96	9			20.7821856287425			6.84999414578663	
		179			59			70		104	36			20.8208955223881			51.5108955223881	
		180			60			48		118	32			20.8253571428571			134.435357142857	
		181			60			59		96	9			20.845871559633			36.675871559633	
		182			60			71		119	92			20.9142235294118			134.524223529412	
		183			61			49		114	69			21.0388888888889			79.5088888888889	
		184			61			60		107	2			21.1221674876847			40.6121674876847	
		185			62			49		149	54			21.2267326732673			41.0667326732673	
		186			62			50		102	97			21.2917073170732			39.4817073170732	
		187			62			73		103	77			21.31640625			87.91640625	
		188			62			74		148	72			21.3461538461538			7.00244200244199	
		189			63			52		90	71			21.3502590673575			43.1202590673575	
		190			63			74		154	43			21.3710732984293			7.04909747539815	
		191			63			75		128	37			21.4016272189349			50.1216272189349	
		192			64			53		110	38.1523			51.4044
		193			64			65		213	68			21.5666666666667			48.1966666666667	
		194			64			76		101	97			21.6844285714286			106.704428571429	
		195			65			55		87	37			21.8294594594595			137.779459459459	
		196			65			64		213	68			21.877358490566			41.427358490566	
		197			65			78		119	34			21.9438775510204			7.20379818594104	
		198			66			44		222	2			22.0616883116883			43.0816883116883	
		199			66			56		155	19			22.1263157894737			7.30168421052632	
		200			66			67		117	12			22.1267015706806			41.2367015706806	
		201			66			80		149	47			22.1273684210526			85.1873684210526	
		202			67			56		101	35.0308			47.1986
		203			67			66		117	12			22.2765957446808			75.2265957446808	
		204			67			68		107	58			22.316091954023			78.896091954023	
		205			67			80		106	49			22.4281081081081			46.8481081081081	
		206			68			57		89	32			22.4448529411765			65.2248529411765	
		207			68			67		107	58			22.5157894736842			42.2457894736842	
		208			68			69		103	55			22.5571646341463			96.2971646341463	
		209			68			80		161	14			22.5977419354839			7.31736405529955	
		210			69			68		103	55			22.6829268292683			47.8129268292683	
		211			69			70		96	96			22.8731796116505			7.44457260945229	
		212			69			82		80	57			22.9065326633166			40.7565326633166	
		213			70			58		163	37			23.0408620689655			81.5108620689655	
		214			70			71		101	38			23.052688172043			39.662688172043	
		215			70			83		95	77			23.0694444444444			80.3694444444444	
		216			71			72		88	30.5219			41.1235
		217			72			61		121	16			23.0955555555556			40.1855555555556	
		218			72			71		88	30.5219			41.1235
		219			72			73		115	66			23.4689597315436			42.8189597315436	
		220			72			94		211	28			23.5193370165746			7.66240843978901	
		221			73			62		103	77			23.5992753623188			42.2492753623188	
		222			73			72		115	66			23.6275337837838			7.73457383953461	
		223			73			74		108	5			23.6823529411765			45.1823529411765	
		224			73			95		247	91			23.7132352941176			80.5032352941176	
		225			74			51		206	2			23.8213087248322			41.2513087248322	
		226			74			62		148	72			24.0303308823529			143.070330882353	
		227			74			75		115	7			24.0612765957447			112.711276595745	
		228			74			84		104	34			24.0621428571429			45.4321428571429	
		229			75			63		128	37			24.2840909090909			50.9740909090909	
		230			75			74		115	7			24.2930825242718			40.3730825242718	
		231			75			85		87	94			24.3145161290323			77.2945161290323	
		232			76			75		101	11			24.5277777777778			8.00047687172151	
		233			76			77		111	55			24.5285087719298			64.2085087719298	
		234			76			87		142	1			24.584347826087			7.9506827012026	
		235			77			78		97	91			24.5982142857143			41.2482142857143	
		236			77			87		99	15			24.75			74.7	
		237			78			65		119	34			24.9183673469388			44.1983673469388	
		238			78			87		129	45			24.9310344827586			85.4710344827586	
		239			79			66		90	92			25.0579470198675			81.3979470198675	
		240			79			80		107	12			25.1070714285714			44.2370714285714	
		241			79			89		130	21			25.2011976047904			42.4211976047904	
		242			80			68		161	14			25.224609375			44.344609375	
		243			80			79		107	12			25.2464788732394			81.3164788732394	
		244			80			81		112	15			25.2877951807229			8.25723924268503	
		245			80			89		152	38			25.3515625			46.8515625	
		246			80			90		85	1			25.3537735849057			8.21174852952411	
		247			80			91		159	55			25.3682820512821			44.7182820512821	
		248			81			68		79	63			25.3715034965035			92.2415034965035	
		249			81			80		112	15			25.4106			43.4506	
		250			81			82		108	25			25.4323308270677			83.8423308270677	
		251			81			91		119	34			25.5288461538462			83.5788461538462	
		252			82			69		80	57			25.550176056338			43.590176056338	
		253			82			83		103	81			25.625			45.185	
		254			82			92		114	45			25.8274647887324			42.7674647887324	
		255			83			70		95	77			26.25			92.37	
		256			83			82		103	81			26.3216560509554			8.50076829661205	
		257			83			93		106	13			26.3421052631579			47.5421052631579	
		258			84			74		104	34			26.5			8.59459459459459	
		259			84			85		96	74			26.5077362637363			48.8877362637363	
		260			84			96		118	85			26.6140540540541			85.0540540540541	
		261			85			75		87	94			26.6780975609756			49.0180975609756	
		262			85			84		96	74			26.6799363057325			79.6599363057325	
		263			86			76		92	89			26.7036290322581			72.8436290322581	
		264			86			85		99	46			26.785393258427			43.945393258427	
		265			86			87		106	68			26.8125			45.9825	
		266			86			98		125	28			26.9098875			50.3998875	
		267			87			78		129	45			26.915625			78.545625	
		268			87			88		105	6			26.9449494949495			84.7849494949495	
		269			87			98		150	8			27.0643			8.72071888888889	
		270			87			99		126	8			27.0833333333333			46.6433333333333	
		271			88			78		98	4			27.1666666666667			8.78921568627452	
		272			88			87		105	6			27.2466216216216			45.4466216216216	
		273			88			100		102	68			27.2514666666667			94.4814666666667	
		274			89			79		130	21			27.2849025974026			49.8549025974026	
		275			89			90		90	2			27.3024193548387			100.562419354839	
		276			89			101		87	77			27.5507692307692			89.7407692307692	
		277			90			80		85	1			27.5664893617021			42.1264893617021	
		278			90			91		107	84			27.5757575757576			52.5357575757576	
		279			91			80		159	55			27.6923076923077			44.0623076923077	
		280			91			81		119	34			27.853803030303			80.203803030303	
		281			91			90		107	84			27.9947857142857			9.03377836879432	
		282			91			92		111	5			28.0890322580645			46.1490322580645	
		283			91			102		97	85			28.1336683417085			9.01466133484322	
		284			92			82		114	45			28.1417410714286			48.1217410714286	
		285			92			91		111	5			28.1672932330827			108.537293233083	
		286			92			93		104	52			28.2198033707865			50.5998033707865	
		287			93			83		106	13			28.4601156069364			109.430115606936	
		288			93			92		104	52			28.4894444444444			84.5294444444444	
		289			93			94		199	69.0211			92.9952
		290			93			109		217	26			28.8658450704225			44.6158450704225	
		291			94			70		284	82			28.8905325443787			9.30037691497123	
		292			94			72		211	28			28.8994565217391			50.8794565217391	
		293			94			93		199	69.0211			92.9952
		294			94			95		107	24			29.0065298507463			47.1965298507463	
		295			94			103		158	15			29.150641025641			89.390641025641	
		296			94			110		193	86			29.2855064935065			117.905506493507	
		297			95			73		247	91			29.4614361702128			48.9114361702128	
		298			95			96		97	7			29.5166891891892			52.9566891891892	
		299			95			103		111	1			29.5765393258427			54.1465393258427	
		300			96			84		118	85			29.7217741935484			88.9117741935484	
		301			96			95		97	7			29.7301369863014			9.45063957180442	
		302			96			97		108	16			29.749273255814			49.609273255814	
		303			96			103		141	77			29.79			9.40736842105263	
		304			96			104		145	2			29.8002049180328			47.4802049180328	
		305			96			112		197	3			29.9497267759563			96.2497267759563	
		306			97			85		118	82			30.0123456790123			49.8723456790123	
		307			97			96		108	16			30.0302419354839			112.020241935484	
		308			97			98		105	43			30.063			99.963	
		309			98			86		125	28			30.0757471264368			58.0057471264368	
		310			98			87		150	8			30.0969827586207			48.8769827586207	
		311			98			97		105	43			30.1284857142857			9.46343461538461	
		312			98			99		119	22			30.2701271186441			50.4901271186441	
		313			98			104		135	54			30.33			9.46605095541401	
		314			98			105		142	4			30.3372753623188			48.5172753623188	
		315			98			114		237	66			30.4718507462687			107.211850746269	
		316			99			98		119	22			30.5493630573248			54.9093630573248	
		317			100			87		137	75			30.624			86.544	
		318			100			88		102	68			30.7834117647059			108.753411764706	
		319			100			99		80	9			30.907027027027			52.387027027027	
		320			100			105		151	92			30.9256923076923			51.9156923076923	
		321			100			115		213	21			30.9891732283465			51.6991732283465	
		322			101			89		87	77			31.0097733333333			93.9797733333333	
		323			101			102		221	64			31.235119047619			9.73687353027629	
		324			102			108		115	8			31.2695652173913			51.9795652173913	
		325			103			94		158	15			31.4288243243243			9.92996596750124	
		326			103			95		111	1			31.4978102189781			47.5778102189781	
		327			103			110		125	8			31.6804210526316			89.7904210526316	
		328			103			111		89	59			31.9889852941177			53.4189852941177	
		329			103			112		136	72			32.145			87.405	
		330			104			96		145	2			32.2610169491525			96.0710169491525	
		331			104			98		135	54			32.271724137931			51.521724137931	
		332			104			112		146	49			32.2720588235294			49.5720588235294	
		333			104			114		169	56			32.3798333333333			51.7498333333333	
		334			105			114		157	1			32.4664328358209			94.2964328358209	
		335			106			101		119	36			32.4737394957983			88.7837394957983	
		336			106			107		96	1			32.5067039106145			105.826703910614	
		337			107			122		186	26			32.7321428571429			51.1221428571429	
		338			108			107		97	61			32.7571875			50.0571875	
		339			108			109		210	4			32.9286440677966			58.5086440677966	
		340			109			94		309	76			33.0187816091954			80.4187816091954	
		341			109			108		210	4			33.2865168539326			112.156516853933	
		342			109			110		209	62			33.4323699421965			52.5323699421965	
		343			109			125		171	5			33.45197740113			130.92197740113	
		344			110			94		193	86			33.4718406593407			123.411840659341	
		345			110			109		209	62			33.8235897435897			54.4535897435897	
		346			110			116		113	99			33.9309210526316			51.6409210526316	
		347			111			103		89	59			34.1			55.68	
		348			111			110		89	67			34.1328732394366			96.0228732394366	
		349			112			103		136	72			34.2311946902655			10.953982300885	
		350			112			111		127	81			34.2675675675676			51.8575675675676	
		351			112			113		93	38			34.35546875			10.9312855113636	
		352			112			118		105	63			34.4613496932515			59.3013496932515	
		353			113			112		93	38			34.5			94.41	
		354			113			114		114	6			34.5937007874016			52.0337007874016	
		355			113			119		114	49			34.6564102564103			116.94641025641	
		356			114			98		237	66			34.6816091954023			99.4816091954023	
		357			114			104		169	56			34.6943005181347			49.3243005181347	
		358			114			105		157	1			34.9563617021277			53.6763617021277	
		359			114			113		114	6			34.9590361445783			11.0703614457831	
		360			114			115		203	57			34.9772727272727			61.2672727272727	
		361			114			119		138	6			35.0533333333333			11.0388950276243	
		362			114			120		95	34			35.2542553191489			56.3342553191489	
		363			114			131		252	6			35.3325970149254			116.632597014925	
		364			115			100		213	21			35.5332167832168			53.8932167832168	
		365			115			105		140	71			35.5487586206897			202.82875862069	
		366			115			131		201	7			35.5914893617021			86.0214893617021	
		367			116			110		113	99			35.6181698113208			64.1381698113208	
		368			116			117		101	4			35.65			61.74	
		369			116			126		95	79			35.7071167883212			55.8271167883212	
		370			117			112		166	18			35.83875			99.07875	
		371			117			116		101	4			35.8679393939394			11.2810454545455	
		372			117			126		129	85			35.906954887218			55.166954887218	
		373			118			117		115	18			36.0483			11.3735278074866	
		374			119			113		114	49			36.1724210526316			57.0124210526316	
		375			119			118		100	2			36.1805555555556			128.520555555556	
		376			119			120		104	92			36.2117647058824			55.5117647058824	
		377			119			128		148	49			36.2606060606061			92.6306060606061	
		378			119			129		109	18			36.405625			96.405625	
		379			120			114		95	34			36.4077669902913			54.5877669902913	
		380			120			119		104	92			36.4573928571429			63.8873928571429	
		381			120			130		105	4			36.5733333333333			52.9533333333333	
		382			121			106		214	74			36.78948			120.57948	
		383			121			133		151	77			36.7940119760479			11.5939464820359	
		384			122			107		186	26			36.8027638190955			57.7027638190955	
		385			122			121		114	8			36.8125			11.6350388601036	
		386			122			123		107	72			36.9416666666667			76.0016666666667	
		387			123			108		215	68			36.9886363636364			99.6886363636364	
		388			123			109		299	85			37.0228571428571			63.0228571428571	
		389			123			122		107	72			37.05			101.49	
		390			123			124		89	34			37.1108307692308			87.9008307692308	
		391			123			133		146	7			37.2219858156028			63.6319858156028	
		392			123			134		82	64			37.2321428571429			54.6721428571429	
		393			123			135		138	47.8639			64.4892
		394			124			125		110	31			37.2875			101.5475	
		395			124			135		98	12			37.3044943820225			11.6812053115424	
		396			125			124		110	31			37.4519230769231			65.2519230769231	
		397			125			126		206	2			37.5			11.7776381909548	
		398			125			137		166	69			37.5152542372881			57.2452542372881	
		399			126			117		129	85			37.5233128834356			83.7533128834356	
		400			126			125		206	2			37.6205			64.7205	
		401			126			127		116	6			37.6388888888889			88.9688888888889	
		402			126			138		94	92			37.6755490196078			118.375549019608	
		403			127			126		116	6			37.760875			55.190875	
		404			127			128		95	69			37.7853146853147			62.6253146853147	
		405			128			118		105	84			37.8658536585366			56.6758536585366	
		406			128			119		148	49			37.9233870967742			99.8733870967742	
		407			128			127		95	69			38.0163114754098			11.9266859530697	
		408			128			129		104	5			38.0921052631579			56.9021052631579	
		409			128			139		151	93			38.335597826087			11.9681866383881	
		410			128			147		219	51			38.4044117647059			57.5044117647059	
		411			129			130		101	22			38.508064516129			106.428064516129	
		412			129			148		215	28			38.5909090909091			52.1409090909091	
		413			130			120		105	4			38.6175			96.6375	
		414			130			129		101	22			38.7836071428572			150.593607142857	
		415			130			149		196	63			38.8229166666667			75.5629166666667	
		416			130			151		298	8			38.8596153846154			56.2696153846154	
		417			131			114		252	6			38.8616071428571			69.6416071428571	
		418			131			115		201	7			38.9172413793104			91.0872413793104	
		419			131			130		211	39			39.05794			12.1823574761905	
		420			131			151		220	4			39.09875			64.04875	
		421			132			121		94	13			39.311974789916			12.2966366641443	
		422			132			133		100	24			39.3836477987421			59.3836477987421	
		423			133			123		146	7			39.4736842105263			93.1736842105263	
		424			133			132		100	24			39.4852941176471			55.3152941176471	
		425			133			140		135	77			39.575			98.945	
		426			134			123		82	64			39.837012987013			92.007012987013	
		427			134			133		111	2			39.8550408163265			59.1450408163265	
		428			134			135		92	28			39.866			62.066	
		429			134			141		115	14			40.0116279069767			12.4687398593834	
		430			135			123		138	47.8639			64.4892
		431			135			124		98	12			40.0731707317073			12.5228658536585	
		432			135			142		108	65			40.1980263157895			66.6080263157895	
		433			135			143		150	57			40.2591463414634			152.759146341463	
		434			136			125		119	4			40.4411764705882			59.5111764705882	
		435			136			135		111	12			40.491095890411			152.991095890411	
		436			136			137		138	11			40.64039408867			127.67039408867	
		437			136			143		96	83			40.7227875			79.0927875	
		438			137			138		77	36			40.7797101449275			63.1497101449275	
		439			137			145		144	96			40.7923529411765			79.1623529411765	
		440			138			126		94	92			40.9776699029126			131.007669902913	
		441			138			137		77	36			41.0720802919708			12.8234096839185	
		442			138			145		118	17			41.1944920634921			65.8044920634921	
		443			139			126		143	5			41.1997767857143			12.8981283180502	
		444			139			127		110	92			41.25			61.32	
		445			139			128		151	93			41.353021978022			98.953021978022	
		446			139			146		109	24			41.3793103448276			62.7893103448276	
		447			139			147		156	35			41.4541896551724			120.504189655172	
		448			140			132		112	22			41.4644670050761			99.3044670050761	
		449			140			141		212	73.53			99.0703
		450			140			152		109	52			41.6074829931973			60.1374829931973	
		451			141			133		141	52			41.61838			61.27838	
		452			141			134		115	14			41.7438356164384			105.913835616438	
		453			141			140		212	73.53			99.0703
		454			141			142		106	19			41.9836956521739			59.0736956521739	
		455			141			153		94	5			42.0468253968254			63.2468253968254	
		456			142			135		108	65			42.4			61.09	
		457			142			143		107	49			42.7362804878049			13.2501131643413	
		458			143			135		150	57			43.1475903614458			80.9475903614458	
		459			143			136		96	83			43.4815950920245			13.5171045612163	
		460			143			142		107	49			43.75			63.41	
		461			143			144		108	16			43.8460431654676			122.956043165468	
		462			143			154		124	49			44.1462053571429			62.8362053571429	
		463			143			155		136	49			44.657170212766			122.147170212766	
		464			144			143		108	16			45.1			121.09	
		465			144			145		107	11			45.2321428571429			60.5921428571429	
		466			144			155		95	34			45.3928421052632			74.9328421052632	
		467			145			137		144	96			45.787			65.787	
		468			145			138		118	17			45.9259259259259			93.8959259259259	
		469			145			139		154	45			46.043			14.2047553191489	
		470			145			144		107	11			46.0741758241758			67.0241758241758	
		471			145			146		105	94			46.1310784313725			14.1716236706547	
		472			145			156		96	9			46.1785714285714			70.5785714285714	
		473			146			139		109	24			46.6836734693877			152.283673469388	
		474			146			147		109	61			46.9333333333333			76.3433333333333	
		475			147			128		219	51			47.1820428571429			132.742042857143	
		476			147			139		156	35			47.2791443850267			109.229144385027	
		477			147			146		109	61			47.3264285714286			67.5264285714286	
		478			147			148		92	52			47.4393939393939			75.3693939393939	
		479			148			129		215	28			47.5233181818182			66.3033181818182	
		480			148			147		92	52			47.5844594594595			126.09445945946	
		481			148			149		103	64			48.0041420118343			14.7398610326794	
		482			148			157		84	24			48.036325			67.376325	
		483			149			130		196	63			48.2640444444445			14.8581459136823	
		484			149			148		103	64			48.4882419354839			71.9282419354839	
		485			149			150		117	8			48.7465185185185			129.896518518519	
		486			149			157		142	13			48.7529069767442			75.6729069767442	
		487			150			159		112	2			48.759935483871			130.779935483871	
		488			151			131		220	4			48.8214285714286			129.191428571429	
		489			151			150		107	15			49.1414201183432			88.8114201183432	
		490			151			160		112	13			49.2591059602649			70.5591059602649	
		491			152			153		217	56			49.833125			80.353125	
		492			152			161		98	41			50.1973684210526			105.457368421053	
		493			153			141		94	5			50.4528292682927			15.6260787005036	
		494			153			154		207	19			50.4642857142857			69.8842857142857	
		495			153			162		122	77			50.7178139534884			15.6448095461365	
		496			154			155		109	94			50.9295			81.0195	
		497			154			163		100	65			50.972131147541			157.142131147541	
		498			155			143		136	49			51.0432692307692			77.1832692307692	
		499			155			144		95	34			51.0546875			165.5346875	
		500			155			154		109	94			51.1071428571428			153.617142857143	
		501			155			164		117	77			51.1387755102041			68.4787755102041	
		502			156			145		96	9			51.2442631578947			79.8742631578947	
		503			156			155		125	37			51.3023121387283			79.7723121387283	
		504			156			165		118	72			51.8264563106796			110.08645631068	
		505			157			148		84	24			51.925380952381			88.235380952381	
		506			157			168		122	46			51.9704198473282			133.840419847328	
		507			158			149		105	19			52.2216049382716			186.081604938272	
		508			158			169		138	64			52.7455368421053			77.3155368421053	
		509			159			158		92	44			53.2636363636364			90.5536363636364	
		510			159			160		101	8			53.2714285714286			76.1514285714286	
		511			159			170		119	42			53.5296666666667			102.189666666667	
		512			160			151		112	13			53.5737058823529			72.6137058823529	
		513			161			162		192	25			54.8254358974359			168.975435897436	
		514			161			180		207	6			54.8798076923077			17.1566000746826	
		515			162			153		122	77			55.0240384615385			92.1440384615385	
		516			162			163		210	2			55.2380952380952			17.3086487980105	
		517			162			172		151	63			55.391975			74.671975	
		518			162			182		180	5			55.5165128205128			108.136512820513	
		519			163			154		100	65			55.5433333333333			92.6633333333333	
		520			163			162		210	2			55.68			133.95	
		521			163			164		109	6			55.7786206896552			139.568620689655	
		522			163			172		123	34			56.009625			80.869625	
		523			163			183		222	53			56.2525547445255			77.9925547445255	
		524			164			155		117	77			56.3263636363636			84.7963636363636	
		525			164			163		109	6			56.7885638297872			145.018563829787	
		526			164			165		107	2			56.9438448275862			17.7206651835373	
		527			165			155		160	77			57.88			80.59	
		528			165			166		104	36.0713			48.6005
		529			165			173		146	7			58.15034375			88.94034375	
		530			165			174		152	4			58.5576687116564			165.747668711656	
		531			166			167		122	9			58.9164893617021			95.2264893617021	
		532			166			174		98	3			59.2010869565217			143.621086956522	
		533			167			147		189	85			59.3428571428572			164.042857142857	
		534			167			157		124	8			59.4886363636364			96.1286363636364	
		535			167			168		102	86			59.7391304347826			84.4191304347826	
		536			167			174		155	17			60.2513913043478			79.3813913043478	
		537			167			175		106	26			60.5783333333333			141.338333333333	
		538			168			157		122	46			61.6962448979592			90.9862448979592	
		539			168			167		102	86			62.061641509434			94.551641509434	
		540			168			169		107	18			62.1722222222222			100.552222222222	
		541			169			170		89	1			62.5760869565217			154.646086956522	
		542			169			178		148	83			62.6634			19.502973480663	
		543			170			159		119	42			62.758273381295			83.788273381295	
		544			170			169		89	1			63.8288918918919			19.9099295809571	
		545			170			171		124	29			64.6848			110.1548	
		546			170			178		103	94			65.081106870229			122.951106870229	
		547			171			160		104	39			65.6444545454546			104.394454545455	
		548			171			170		124	29			66.0852713178295			148.13527131783	
		549			171			179		104	28			66.23828125			227.18828125	
		550			172			162		151	63			66.6183774834437			82.1683774834437	
		551			172			182		150	28			67.1640384615385			106.274038461538	
		552			172			183		167	18			67.276376146789			86.456376146789	
		553			173			163		171	5			67.3098125			182.6898125	
		554			173			165		146	7			67.48528125			21.0359525337838	
		555			173			185		124	34			67.8612021857923			107.921202185792	
		556			174			165		152	4			67.8612021857924			21.1990110957412	
		557			174			167		155	17			68.0606060606061			108.120606060606	
		558			174			185		144	39			68.2340659340659			119.474065934066	
		559			174			186		108	3			68.503			94.363	
		560			174			187		170	98			69.1447142857143			141.474714285714	
		561			175			167		106	26			69.4244358974359			126.964435897436	
		562			175			176		116	9			69.4810967741935			85.1810967741935	
		563			176			169		145	39			70.5244			100.0744	
		564			176			175		116	9			70.6056382978724			99.6056382978724	
		565			176			177		102	31			70.7978260869565			178.257826086957	
		566			176			187		158	45			71.4494680851064			22.178318135765	
		567			177			169		87	49			71.9625			107.7825	
		568			177			178		119	41.2739			55.6102
		569			178			169		148	83			72.71425			112.61425	
		570			178			177		119	41.2739			55.6102
		571			178			189		85	44			74.575			120.045	
		572			178			190		126	37			74.7861842105263			137.216184210526	
		573			179			178		92	2			75.3859032258065			140.185903225806	
		574			179			190		106	17			75.8025			94.4325	
		575			180			181		107	5			75.8507142857143			95.5807142857143	
		576			180			191		106	72			76.402724137931			103.392724137931	
		577			181			182		106	1			77.717358974359			140.147358974359	
		578			181			192		130	49			77.8987666666667			148.938766666667	
		579			182			162		180	5			78.2136470588235			117.373647058823	
		580			182			172		150	28			79.3437908496732			140.123790849673	
		581			182			183		222	56			81.2570714285714			192.617071428571	
		582			182			193		120	41.6207			56.0775
		583			183			173		159	8			81.8494897959184			116.769489795918	
		584			183			182		222	56			82.935			102.205	
		585			184			183		98	2			83.2315769230769			152.531576923077	
		586			184			185		113	6			83.6816129032258			103.801612903226	
		587			185			165		195	54			83.6842962962963			26.3292428823381	
		588			185			173		124	34			83.8978723404255			109.897872340425	
		589			185			195		166	57			88.4787878787879			171.878787878788	
		590			186			185		104	78			89.1982857142857			115.188285714286	
		591			186			187		111	82			92.589375			151.989375	
		592			187			174		170	98			92.6475			254.5575	
		593			187			175		135	32			92.8383027522936			111.948302752294	
		594			187			176		158	45			93.306652173913			109.976652173913	
		595			187			188		198	51			93.60205			119.46205	
		596			187			197		146	39			93.679935483871			212.689935483871	
		597			187			198		95	61			93.875572519084			133.385572519084	
		598			188			177		106	11			95.68828125			162.55828125	
		599			188			199		100	32			96.2756538461539			30.1663715384616	
		600			188			200		164	12			96.6756521739131			115.615652173913	
		601			189			178		85	44			96.6800909090909			30.3530517970402	
		602			189			188		118	8			97.5478636363637			124.787863636364	
		603			189			200		109	3			98.6790967741935			212.769096774193	
		604			190			178		126	37			99.0364583333333			124.616458333333	
		605			190			189		85	36			99.75			162.84	
		606			190			210		191	44			99.8925			223.5225	
		607			191			192		107	18			100.606152173913			116.806152173913	
		608			191			201		120	95			101.07			120.01	
		609			192			181		130	49			101.283904761905			141.283904761905	
		610			192			193		98	8			102.090909090909			178.830909090909	
		611			192			202		98	79			106.393851851852			130.533851851852	
		612			193			192		98	8			108.43688			165.70688	
		613			193			194		217	18			112.831947368421			167.791947368421	
		614			193			203		104	3			114.296444444444			158.916444444444	
		615			194			183		97	79			114.606164383562			149.526164383562	
		616			194			193		217	18			118.833818181818			173.363818181818	
		617			194			204		103	95			120.072921568627			168.282921568627	
		618			195			183		142	31			120.310733333333			167.410733333333	
		619			195			184		129	44.7423			60.2833
		620			195			194		99	6			127.30328			181.87328	
		621			195			196		123	32			134.76			207.06	
		622			195			204		135	66			135.3215			163.1215	
		623			195			205		89	59			135.73652173913			187.00652173913	
		624			195			206		148	27			137.330357142857			155.700357142857	
		625			196			185		109	37			137.530066666667			194.830066666667	
		626			196			195		123	32			142.995333333333			224.715333333333	
		627			196			197		104	2			152.9526			47.7367987261146	
		628			196			206		108	6			153.209285714286			177.789285714286	
		629			197			198		97	3			153.351888888889			47.9528922398589	
		630			197			206		139	63			156.257428571429			174.447428571429	
		631			198			197		97	3			170.228083333333			277.508083333333	
		632			198			199		216	97			174.602086956522			211.012086956522	
		633			198			207		115	58			194.70680952381			358.29680952381	
		634			199			198		216	97			197.539322580645			279.289322580645	
		635			199			208		115	9			204.011666666667			227.821666666667	
		636			200			188		164	12			205.681769230769			229.571769230769	
		637			200			189		109	3			206.372846153846			245.292846153846	
		638			200			209		103	89			208.129333333333			273.349333333333	
		639			201			191		120	95			244.1402			76.6752815625	
		640			201			202		102	11			270.643			296.213	
		641			202			201		102	11			287.1511			90.3497230529595	
		642			202			203		108	25			319.119166666667			340.149166666667	
		643			203			193		104	3			337.381285714286			392.551285714286	
		644			203			202		108	25			344.1995			361.2495	
		645			203			204		208	31			382.943			438.053	
		646			204			195		135	66			412.5902			461.3702	
		647			204			203		208	31			456.4995			492.3395	
		648			204			205		110	23			574.976			597.026	
		649			205			206		106	79			619.05375			640.93375	
		650			206			196		108	6			645.725			704.195	
		651			206			207		213	15			729.575666666667			230.510103271984	
		652			207			206		213	15			955.673			976.453	
		653			207			208		204	8			1166.797			369.30730733945	
		654			208			199		115	9			1336.9315			1367.3215	
		655			208			209		116	78			1443.525			1515.195	
		656			209			200		103	89			1710.329			1746.739	
		657			209			208		116	78			40.88			151.7	
		658			210			200		151	85			441.58			601.63	
		659			210			209		107	92			59.9			159.9	
																			
																			
END	OF	FILE																	